33831	42755_right	0	0
8280	10374_left	2	0
20425	25758_right	1	0
7963	9976_right	1	0
33952	42926_left	0	0
21479	27049_right	0	0
2603	3266_right	0	2
18765	23669_right	0	0
21225	26746_right	0	0
27576	34907_left	0	0
29027	36741_right	1	2
6152	7754_left	1	0
33335	42106_right	0	0
28024	35487_left	0	2
23980	30287_left	0	0
19148	24163_left	4	0
8946	11222_left	0	0
12146	15253_left	0	0
16080	20163_left	0	0
23242	29385_left	0	1
26253	33248_right	0	0
24847	31428_right	0	0
14164	17788_left	2	0
19462	24580_left	0	0
31576	39869_left	2	0
7604	9590_left	2	0
22839	28838_right	0	0
17571	22082_right	2	0
17681	22229_right	0	0
28839	36509_right	0	0
21494	27076_left	2	0
30493	38554_right	0	2
1359	1687_right	2	2
15202	19030_left	0	0
16619	20864_right	0	2
6687	8413_right	0	0
15926	19983_left	0	0
27692	35056_left	0	0
20147	25413_right	0	1
5805	7315_right	0	2
15809	19821_right	0	0
1380	1722_left	0	2
17074	21444_left	4	0
28720	36366_left	0	0
17742	22332_left	1	0
1620	2041_left	0	2
5011	6313_right	0	2
29967	37917_right	1	0
3610	4519_left	2	2
28990	36703_left	0	0
34845	44022_right	2	1
27228	34456_left	1	0
28650	36281_left	0	0
695	857_right	0	0
1130	1393_left	0	0
6468	8115_left	0	0
30122	38118_left	0	0
25265	31981_right	1	0
5309	6671_right	0	0
2278	2820_left	0	0
20333	25650_right	3	0
2988	3699_left	0	0
633	766_right	1	0
6745	8484_right	0	0
34511	43611_right	0	0
31960	40355_left	0	0
7257	9115_right	0	0
16245	20342_right	0	0
21249	26777_right	2	0
32821	41422_right	0	0
14400	18066_left	0	0
19965	25165_right	2	0
14517	18198_right	0	0
23618	29829_left	0	2
81	79_right	2	2
11863	14892_right	2	0
11719	14703_right	2	2
6613	8313_right	0	0
22843	28840_right	2	0
32748	41327_left	0	0
25316	32031_left	0	0
1709	2138_right	0	0
22909	28942_right	0	0
8555	10743_right	0	0
25423	32152_right	0	0
10715	13495_right	0	0
31118	39344_left	2	0
20991	26442_right	0	0
22720	28660_left	0	0
22848	28860_left	0	0
16065	20137_right	0	0
10659	13417_right	2	0
2691	3347_right	0	0
2180	2702_left	0	0
24982	31608_left	1	0
16827	21099_right	0	0
22591	28507_right	0	0
31305	39549_right	0	0
24451	30906_right	0	0
31824	40201_left	2	0
1711	2139_right	0	0
13192	16582_left	2	0
5297	6656_right	2	0
20516	25873_left	0	0
15017	18815_right	0	0
992	1204_left	2	0
25230	31950_left	0	0
13449	16881_right	2	0
31136	39362_left	0	0
29394	37207_left	0	0
4953	6234_right	0	0
2689	3346_right	0	0
26475	33509_right	1	0
15814	19830_left	1	0
6726	8462_left	4	0
20626	26000_left	0	0
29918	37834_left	4	0
32344	40848_left	1	0
9235	11607_right	0	0
10360	13029_left	2	0
30108	38106_left	0	2
14673	18400_right	0	1
9896	12474_left	0	2
11014	13841_left	0	0
11503	14436_right	4	0
16532	20751_left	0	0
19015	23989_right	0	0
552	677_left	0	0
5345	6725_right	0	0
12802	16061_left	2	0
28815	36470_right	0	0
11960	15003_left	0	0
21918	27627_left	0	0
30392	38423_left	0	2
16708	20983_left	2	0
13705	17195_right	0	0
16146	20231_left	0	2
11906	14939_left	0	0
1864	2329_left	0	0
28972	36687_left	0	0
1767	2205_right	2	0
27780	35156_left	0	0
7854	9855_left	2	0
10003	12616_right	0	0
17873	22521_right	0	0
34631	43769_right	0	0
4329	5448_right	0	2
30764	38890_left	0	0
19106	24115_left	0	0
5801	7311_right	0	0
16085	20165_right	0	0
12684	15918_left	2	0
22486	28364_left	0	0
26251	33239_right	0	2
22187	27972_right	0	0
10417	13106_right	0	0
29108	36848_left	0	0
25907	32787_right	0	0
27187	34410_right	0	0
11915	14947_right	0	0
33034	41733_left	2	2
14992	18770_left	0	0
19914	25118_left	0	0
18555	23394_right	1	0
4788	6010_left	0	0
12792	16046_left	2	2
623	754_right	0	0
4551	5742_right	0	2
28051	35513_right	0	0
2420	2990_left	0	0
21402	26960_left	0	0
10183	12822_right	0	0
362	418_left	0	0
27887	35322_right	1	0
11228	14093_left	0	0
34227	43270_right	0	0
25562	32339_left	3	0
7522	9497_left	0	0
30344	38374_left	0	0
30277	38295_right	2	0
11250	14121_left	0	0
13401	16816_right	0	0
4511	5690_right	0	0
31678	40004_left	0	2
995	1206_right	0	0
5331	6704_right	1	0
25669	32475_right	0	0
13072	16417_left	0	0
1325	1649_right	0	0
15754	19745_left	0	2
24669	31180_right	0	2
16019	20090_right	2	0
32340	40845_left	0	0
7477	9402_right	0	2
34710	43854_left	0	0
15964	20034_left	0	0
9000	11292_left	2	0
18526	23347_left	2	0
5573	7020_right	0	0
11430	14361_left	0	0
31923	40321_right	2	0
12965	16299_right	0	0
14543	18231_right	0	0
7620	9604_left	0	0
870	1050_left	2	0
31509	39772_right	4	2
5584	7035_left	0	0
18837	23764_right	0	2
16303	20425_right	2	0
19964	25165_left	2	0
27991	35451_right	0	0
18314	23073_left	0	0
1453	1810_right	0	0
8447	10605_right	0	0
29114	36856_left	0	3
13848	17370_left	0	0
9183	11534_right	0	0
14156	17770_left	0	0
13268	16649_left	0	0
19940	25147_left	0	0
33418	42194_left	2	0
2643	3307_right	3	0
27743	35112_right	4	2
34250	43299_left	0	2
24898	31479_left	0	2
9382	11808_left	0	0
34041	43042_right	2	0
12168	15277_left	0	0
29038	36749_left	2	0
18249	22991_right	0	0
30614	38702_left	0	0
25572	32349_left	0	0
29252	37035_left	1	1
25496	32253_left	1	2
26308	33295_left	0	0
26389	33395_right	1	0
28708	36359_left	0	1
34510	43611_left	0	0
33732	42623_left	0	0
16964	21270_left	0	0
27247	34481_right	0	0
245	283_right	2	0
2112	2630_left	0	0
17189	21578_right	0	2
17736	22327_left	2	0
10813	13610_right	0	2
30	40_left	2	0
33017	41706_right	0	0
18768	23683_left	0	2
17473	21954_right	0	0
2778	3447_left	0	0
1550	1947_left	2	0
24506	30971_left	0	0
16983	21298_right	0	2
17341	21788_right	4	2
11599	14567_right	0	0
15072	18881_left	0	0
32868	41519_left	0	2
29233	37014_right	0	1
10553	13275_right	0	2
13477	16918_right	0	0
14378	18042_left	0	0
20653	26040_right	0	0
29763	37639_right	1	2
16995	21320_right	0	0
4496	5667_left	1	1
25612	32411_left	0	0
4987	6278_right	0	0
6622	8321_left	0	2
14750	18483_left	0	0
25708	32535_left	1	0
2488	3080_left	0	2
32709	41290_right	0	1
34341	43391_right	2	2
22728	28677_left	0	2
21635	27245_right	0	0
27272	34516_left	0	0
22841	28839_right	1	0
24896	31478_left	0	0
6979	8768_right	0	0
16693	20967_right	2	0
3291	4113_right	1	0
28453	36008_right	1	0
11182	14039_left	0	0
6553	8238_right	0	0
30706	38823_left	0	0
23828	30099_left	1	0
13077	16419_right	0	0
24876	31461_left	3	0
2006	2505_left	0	2
33074	41771_left	0	0
30075	38058_right	0	0
5133	6460_right	0	2
8128	10183_left	2	0
21217	26735_right	0	0
33037	41734_right	0	0
14670	18395_left	0	2
22290	28104_left	2	0
21706	27343_left	0	0
7382	9279_left	0	2
21838	27541_left	1	0
95	102_right	0	2
33286	42042_left	0	2
17397	21849_right	0	0
28673	36316_right	0	0
25783	32624_right	0	2
10345	13014_right	0	0
13323	16732_right	0	0
2094	2605_left	0	0
22553	28450_right	0	0
15089	18907_right	0	0
21226	26747_left	0	0
4066	5086_left	0	2
27213	34439_right	0	0
27525	34841_right	1	0
34070	43077_left	2	0
13390	16807_left	0	0
13392	16808_left	1	0
21672	27288_left	0	0
26961	34105_right	2	0
25305	32015_right	0	0
13261	16640_right	0	0
33627	42483_right	0	1
30745	38866_right	0	0
33234	41959_left	0	0
20306	25611_left	0	0
17965	22630_right	0	2
34868	44059_left	0	0
20635	26005_right	0	0
6425	8052_right	0	0
16358	20490_left	1	0
33752	42653_left	0	0
7142	8951_left	0	0
33919	42881_right	2	0
17251	21654_right	2	0
24517	30983_right	2	0
6549	8234_right	0	4
6672	8397_left	0	0
7890	9897_left	0	0
6298	7923_left	3	0
8409	10551_right	1	0
19904	25097_left	0	1
9255	11630_right	0	0
22774	28758_left	0	0
29416	37231_left	0	0
5694	7175_left	2	0
13198	16591_left	0	0
19120	24137_left	0	0
11822	14842_left	0	0
29	36_right	0	0
10997	13820_right	2	0
28827	36495_right	0	0
23420	29623_left	1	0
32345	40848_right	1	0
6182	7796_left	0	0
6728	8466_left	0	0
23144	29267_left	0	0
16576	20808_left	1	0
28691	36338_right	2	2
19070	24073_left	0	0
4172	5227_left	0	0
1172	1439_left	0	0
9728	12256_left	0	0
20450	25796_left	0	0
7720	9708_left	0	0
16809	21083_right	2	0
15461	19364_right	0	0
23651	29885_right	2	0
18783	23702_right	2	0
24461	30913_right	0	0
3123	3866_right	0	0
7145	8954_right	2	0
12490	15655_left	0	0
11285	14169_right	0	2
33663	42527_right	0	0
22516	28402_left	0	0
8960	11238_left	2	0
31438	39701_left	0	0
20138	25404_left	2	0
16473	20642_right	0	0
20156	25426_left	2	0
13497	16943_right	0	0
30145	38154_right	0	0
861	1042_right	0	0
19063	24059_right	0	0
13227	16616_right	0	0
33605	42453_right	0	0
32557	41090_right	0	0
17280	21700_left	2	2
17665	22210_right	0	0
23636	29863_left	0	0
33754	42655_left	0	0
15655	19588_right	4	0
4921	6190_right	2	0
24725	31273_right	1	0
1201	1492_right	0	0
19182	24208_left	0	0
12483	15645_right	1	0
33266	42015_left	0	0
25586	32379_left	0	0
7675	9663_right	1	2
33559	42397_right	0	0
8918	11192_left	0	0
15020	18817_left	0	0
8734	10970_left	0	0
33276	42024_left	0	0
17865	22511_right	0	2
4467	5623_right	0	1
15437	19339_right	2	0
18107	22820_right	0	0
18304	23059_left	0	0
15042	18842_left	0	0
12752	15989_left	0	0
2506	3104_left	2	0
27122	34333_left	2	1
23959	30246_right	0	2
28098	35587_left	2	0
7889	9896_right	0	0
23622	29840_left	0	2
22855	28865_right	0	2
16949	21255_right	0	2
20045	25277_right	0	2
26362	33365_left	0	0
18771	23687_right	0	0
8799	11057_right	0	0
2348	2895_left	0	0
507	617_right	0	2
29983	37935_right	0	0
22018	27766_left	2	0
33366	42143_left	0	0
27759	35130_right	4	0
19234	24259_left	0	0
17603	22131_right	0	0
11720	14710_left	1	0
6663	8387_right	2	0
7075	8873_right	0	0
22133	27907_right	0	0
19855	25041_right	0	0
9278	11651_left	2	0
7292	9157_left	4	0
19552	24703_left	0	0
33336	42109_left	0	0
29289	37079_right	2	0
20	25_left	0	0
2408	2976_left	0	0
9753	12290_right	2	0
22193	27979_right	0	0
5027	6335_right	0	1
2111	2629_right	1	0
7931	9948_right	2	0
1139	1399_right	0	0
8063	10116_right	0	0
28378	35917_left	0	0
21936	27653_left	3	0
24302	30703_left	0	0
25826	32679_left	0	0
5208	6550_left	0	0
33467	42251_right	0	0
28055	35525_right	0	0
29529	37383_right	2	0
34890	44081_left	0	0
32431	40930_right	0	1
10812	13610_left	0	0
28852	36527_left	0	0
22117	27889_right	2	0
29381	37194_right	0	0
16305	20428_right	0	2
30753	38878_right	0	0
13097	16454_right	0	0
15740	19722_left	0	2
19439	24536_right	0	0
12615	15810_right	0	0
3502	4376_left	0	0
21193	26703_right	0	0
8575	10763_right	0	0
23872	30142_left	0	1
2107	2623_right	1	0
11784	14784_left	0	0
11922	14965_left	0	0
13566	17037_left	0	0
33433	42207_right	2	0
24988	31621_left	1	2
18100	22814_left	0	1
28772	36422_left	0	0
3566	4470_left	1	0
17787	22411_right	0	0
12500	15661_left	0	0
522	636_left	0	0
12666	15892_left	0	1
10806	13605_left	2	0
11856	14886_left	0	0
25282	31995_left	0	2
6091	7679_right	0	0
34702	43839_left	2	2
25456	32214_left	0	0
17716	22291_left	0	0
12564	15755_left	0	1
24412	30862_left	0	1
3151	3896_right	0	0
14135	17749_right	3	0
14303	17967_right	0	0
30952	39119_left	0	0
10484	13189_left	0	0
12486	15652_left	0	0
13478	16919_left	0	0
20371	25697_right	4	0
13345	16753_right	0	0
19683	24847_right	2	0
11271	14153_right	0	0
28435	35986_right	0	2
451	525_right	1	0
11423	14354_right	0	0
17808	22434_left	0	0
29719	37598_right	2	0
25724	32551_left	0	0
29754	37631_left	0	0
5580	7026_left	3	0
10694	13481_left	0	0
21752	27404_left	2	0
29159	36928_right	0	0
4774	5992_left	0	0
16959	21266_right	0	2
10886	13688_left	0	0
5660	7131_left	1	0
27407	34689_right	0	1
29482	37331_left	0	0
3532	4416_left	0	0
1418	1765_left	0	2
8066	10124_left	0	0
5814	7326_left	0	0
2619	3284_right	0	2
7921	9939_right	2	0
23528	29730_left	2	0
24052	30376_left	0	0
1728	2163_left	0	1
3127	3871_right	0	0
11879	14908_right	2	0
25373	32089_right	0	0
27215	34442_right	3	4
12855	16142_right	0	0
9932	12521_left	0	0
30920	39079_left	0	0
10358	13027_left	0	0
14553	18245_right	0	0
27348	34621_left	2	0
11938	14984_left	0	0
6390	8023_left	0	0
13207	16597_right	2	0
1667	2095_right	0	0
16231	20324_right	0	0
23984	30294_left	0	0
27534	34862_left	0	0
4566	5766_left	2	0
29700	37586_left	2	0
7007	8790_right	0	0
23584	29789_left	0	0
1115	1370_right	0	2
12265	15397_right	0	0
6454	8096_left	0	0
19984	25197_left	0	2
17133	21513_right	1	0
31310	39559_left	0	0
11212	14074_left	0	0
8240	10320_left	2	0
5954	7514_left	0	0
9146	11485_left	0	0
19891	25084_right	0	0
3272	4078_left	2	0
30630	38725_left	0	0
33131	41843_right	2	0
18622	23476_left	0	2
21039	26502_right	0	0
3167	3918_right	0	0
30095	38083_right	1	0
14334	18008_left	0	0
1144	1409_left	1	0
15588	19507_left	0	0
7355	9243_right	0	0
2799	3469_right	0	2
18292	23035_left	0	2
2994	3706_left	0	0
20428	25763_left	2	0
8512	10674_left	0	2
10816	13613_left	0	0
8577	10770_right	0	0
7526	9502_left	0	2
3537	4419_right	0	0
471	558_right	2	0
26136	33081_left	0	0
3565	4466_right	2	2
357	410_right	0	0
32018	40435_left	0	0
17459	21936_right	0	0
9557	12026_right	0	0
11568	14526_left	0	0
31520	39793_left	0	0
9190	11543_left	0	0
27962	35414_left	0	0
30370	38404_left	0	0
4443	5592_right	0	0
12937	16265_right	0	0
8218	10293_left	0	0
19511	24645_right	0	2
27770	35143_left	0	0
26299	33287_right	3	0
31349	39607_right	0	2
33978	42953_left	2	0
16679	20946_right	0	0
5271	6618_right	0	0
33339	42114_right	0	0
34647	43781_right	0	0
28006	35463_left	0	0
30977	39150_right	2	0
2300	2844_left	1	0
26030	32942_left	2	0
34036	43040_left	2	0
28059	35533_right	0	0
29197	36966_right	0	0
26005	32901_right	1	0
21748	27397_left	0	0
18131	22842_right	0	0
2266	2812_left	0	0
28136	35637_left	2	0
23515	29711_right	0	0
32091	40520_right	0	0
26012	32912_left	0	0
18730	23611_left	0	0
3779	4735_right	0	0
20054	25296_left	1	0
26998	34173_left	2	0
9875	12450_right	0	0
12472	15639_left	2	2
34864	44053_left	0	0
1342	1667_left	0	0
26509	33574_right	2	0
7045	8830_right	2	0
28426	35970_left	2	2
14443	18113_right	0	0
8674	10903_left	0	2
2782	3451_left	0	0
535	645_right	0	0
4874	6131_left	0	0
26468	33502_left	0	0
34406	43476_left	0	2
29941	37859_right	0	0
25938	32821_left	3	2
30132	38134_left	2	0
18748	23647_left	0	0
33804	42717_left	0	1
574	698_left	0	0
1588	1999_left	1	0
24798	31350_left	0	0
22006	27742_left	0	2
30461	38508_right	2	0
31392	39660_left	0	0
30989	39169_right	0	0
20971	26413_right	0	0
7559	9536_right	0	0
24019	30345_right	0	2
17721	22299_right	2	0
5358	6736_left	3	0
18692	23555_left	0	0
19399	24480_right	0	0
27078	34275_left	0	1
6902	8655_left	2	0
7178	8995_left	2	0
1156	1422_left	0	0
15394	19278_left	1	1
3111	3856_right	0	0
29166	36932_left	0	2
33349	42127_right	0	0
10828	13629_left	0	0
24334	30748_left	2	0
7888	9896_left	0	0
6793	8531_right	0	0
2768	3434_left	0	0
19643	24801_right	0	2
34517	43618_right	0	2
13352	16763_left	0	0
10002	12616_left	0	0
25457	32214_right	0	0
1708	2138_left	0	0
5740	7237_left	0	0
16021	20091_right	2	1
27939	35388_right	0	0
22205	27992_right	0	0
34551	43664_right	0	0
28697	36342_right	0	0
30168	38168_left	2	2
19998	25212_left	0	0
28184	35690_left	0	0
3645	4558_right	0	0
21927	27641_right	0	0
15308	19168_left	0	0
14649	18364_right	0	0
22652	28592_left	0	0
28204	35714_left	0	0
24329	30741_right	1	1
33968	42943_left	0	0
28436	35987_left	0	0
16528	20747_left	0	0
31667	39991_right	0	0
1483	1855_right	0	0
17608	22134_left	0	0
21383	26938_right	0	0
2092	2604_left	0	2
24396	30836_left	0	0
25450	32206_left	0	0
15428	19327_left	0	0
12999	16340_right	0	0
22162	27953_left	0	0
31853	40243_right	0	0
3143	3892_right	0	0
10233	12881_right	3	0
29781	37657_right	0	0
14884	18631_left	0	0
21229	26749_right	0	0
15244	19086_left	0	0
25248	31966_left	0	0
17192	21584_left	0	2
3743	4696_right	1	2
28625	36247_right	0	0
7417	9313_right	0	0
19073	24074_right	2	1
5062	6389_left	0	0
30552	38625_left	0	2
20857	26281_right	0	0
2465	3059_right	2	2
27753	35125_right	0	0
26345	33340_right	0	2
27039	34232_right	0	0
9097	11417_right	4	2
12343	15487_right	2	0
18693	23555_right	0	0
30919	39078_right	0	0
3350	4184_left	0	0
8917	11187_right	0	0
1554	1955_left	0	2
28459	36022_right	0	0
33282	42029_left	0	0
27521	34836_right	0	0
17616	22154_left	1	0
27719	35080_right	0	0
20785	26204_right	0	0
13292	16691_left	0	0
14461	18138_right	2	0
21404	26961_left	0	0
29126	36879_left	1	0
13792	17311_left	0	2
18340	23104_left	0	2
4820	6053_left	2	4
10973	13790_right	0	2
17863	22509_right	0	0
711	878_right	0	0
19848	25037_left	0	0
28090	35581_left	0	0
17002	21331_left	1	0
23846	30116_left	0	0
1204	1495_left	2	0
4288	5392_left	0	0
24997	31629_right	0	2
25389	32110_right	0	0
25648	32451_left	0	0
13975	17526_right	2	0
9460	11910_left	2	2
26582	33661_left	2	0
9953	12554_right	1	2
2519	3123_right	0	0
6928	8681_left	4	2
8571	10761_right	0	0
17303	21721_right	0	0
14245	17876_right	0	0
21162	26665_left	1	0
32921	41588_right	0	0
10940	13753_left	2	0
3952	4959_left	0	0
34138	43163_left	0	0
24187	30570_right	0	0
1928	2405_left	0	0
533	644_right	0	0
12144	15251_left	0	0
4541	5728_right	0	0
9394	11819_left	1	0
20786	26205_left	0	2
17499	21982_right	0	0
34397	43465_right	0	0
1893	2356_right	0	0
9787	12327_right	0	2
21872	27584_left	0	0
23631	29857_right	2	0
33775	42687_right	0	0
29308	37109_left	2	0
32447	40953_right	0	0
26282	33272_left	0	0
16692	20967_left	2	0
4277	5380_right	0	1
26542	33605_left	0	0
27789	35166_right	0	0
23285	29445_right	0	0
25832	32689_left	0	0
32352	40858_left	0	2
3450	4307_left	2	2
25417	32146_right	0	0
20131	25396_right	0	2
1229	1509_right	2	2
26914	34041_left	0	1
2536	3148_left	0	0
17265	21675_right	0	0
3245	4046_right	0	2
3230	4021_left	0	0
34320	43369_left	0	0
31689	40016_right	0	0
18172	22888_left	0	2
20657	26043_right	2	0
22872	28899_left	0	0
544	668_left	0	0
22964	29016_left	2	2
15595	19512_right	0	0
26656	33738_left	0	0
11851	14877_right	0	0
19455	24562_right	0	2
3550	4444_left	0	0
18712	23587_left	0	3
13043	16391_right	2	0
11575	14533_right	0	2
26859	33973_right	2	0
6825	8565_right	3	0
21132	26616_left	2	0
19466	24585_left	0	0
31989	40390_right	1	0
24304	30706_left	0	2
15464	19367_left	2	0
31538	39823_left	0	0
30491	38553_right	2	0
16788	21057_left	0	0
32281	40772_right	0	0
29153	36919_right	1	0
13640	17125_left	0	0
29012	36728_left	1	0
16988	21312_left	0	0
29850	37756_left	0	2
19824	25005_left	0	0
16822	21096_left	4	0
3574	4478_left	0	1
26228	33208_left	1	0
3422	4274_left	0	0
20920	26344_left	0	0
8516	10680_left	2	0
26440	33467_left	0	0
29961	37905_right	0	0
17169	21556_right	1	1
3485	4357_right	0	4
17467	21942_right	2	0
24956	31580_left	0	0
8675	10903_right	0	0
1167	1430_right	4	0
25101	31770_right	0	0
4273	5367_right	0	0
10976	13798_left	0	0
17770	22379_left	4	1
11330	14228_left	2	0
28500	36077_left	2	0
7517	9487_right	0	3
4072	5090_left	0	0
3801	4766_right	2	2
18905	23850_right	1	0
11487	14418_right	0	1
34788	43965_left	2	2
25463	32220_right	0	0
15963	20030_right	1	0
27618	34954_left	0	0
21363	26919_right	2	2
29398	37210_left	0	0
2811	3491_right	0	0
26376	33381_left	0	0
33899	42857_right	0	0
29317	37114_right	2	2
23398	29604_left	3	2
29265	37042_right	2	0
30029	37984_right	2	2
25244	31962_left	3	0
31519	39791_right	1	0
21845	27550_right	2	0
5265	6611_right	0	2
8322	10421_left	0	1
28149	35648_right	0	0
96	104_left	0	0
33211	41929_right	0	0
18939	23898_right	0	0
14242	17875_left	0	0
3672	4594_left	2	0
31691	40018_right	0	2
25658	32464_left	0	0
20651	26031_right	0	0
18732	23614_left	2	0
32498	41021_left	2	2
28937	36643_right	0	0
1195	1481_right	0	0
27564	34893_left	0	0
5231	6574_right	0	0
22592	28509_left	0	0
25098	31769_left	2	2
21250	26778_left	0	1
9359	11779_right	0	0
11446	14379_left	0	0
21956	27670_left	0	2
13501	16947_right	2	0
15767	19762_right	2	0
30966	39139_left	0	0
10498	13210_left	0	0
10609	13350_right	0	0
34328	43376_left	0	0
22227	28018_right	0	0
4892	6149_left	0	0
25272	31987_left	2	0
24274	30672_left	0	4
34543	43657_right	0	0
30030	37986_left	0	0
11003	13827_right	0	0
24021	30348_right	0	0
23915	30196_right	0	2
21435	27006_right	0	0
29006	36723_left	0	0
11133	13977_right	0	0
16831	21103_right	0	2
27176	34400_left	4	2
3101	3844_right	0	0
13648	17133_left	0	0
12272	15411_left	0	0
29616	37488_left	0	0
24744	31295_left	0	1
5362	6740_left	0	0
12380	15531_left	2	0
6749	8487_right	0	0
23709	29956_right	0	0
18835	23761_right	2	0
2564	3196_left	0	0
31058	39264_left	0	2
22419	28272_right	0	0
9662	12157_left	0	3
2803	3473_right	0	2
31594	39898_left	0	0
11801	14816_right	1	0
19231	24256_right	0	0
12239	15360_right	0	0
5665	7137_right	3	0
9960	12565_left	0	2
30063	38039_right	3	0
30066	38046_left	0	0
14133	17747_right	0	0
6909	8662_right	0	0
21126	26602_left	0	0
33900	42860_left	0	2
28237	35757_right	0	0
35072	44275_left	1	2
21926	27641_left	0	0
11204	14060_left	0	0
2028	2532_left	3	0
20627	26000_right	0	0
25434	32176_left	1	0
17451	21929_right	2	0
169	199_right	0	2
11916	14950_left	0	0
30085	38066_right	1	0
4584	5781_left	0	0
34019	43012_right	0	0
29072	36793_left	2	2
32276	40770_left	0	0
22436	28291_left	0	0
3021	3743_right	0	0
344	399_left	0	0
3063	3783_right	0	0
21146	26632_left	0	0
16397	20540_right	0	0
12049	15120_right	2	0
5844	7363_left	2	0
9567	12042_right	1	2
12179	15293_right	0	0
27255	34486_right	0	0
15953	20023_right	0	0
3777	4734_right	0	0
21020	26481_left	2	0
30984	39164_left	4	0
1145	1409_right	0	0
22145	27922_right	2	0
18876	23817_left	2	1
10059	12667_right	3	0
6175	7786_right	0	0
4303	5410_right	2	0
15401	19288_right	0	0
31378	39646_left	2	0
25671	32476_right	2	0
1347	1672_right	0	2
26072	32998_left	0	0
750	930_left	0	0
3562	4464_left	2	0
21241	26760_right	2	0
6271	7884_right	2	0
14818	18560_left	0	0
9065	11375_right	0	0
2709	3372_right	2	2
29221	36998_right	0	2
24705	31219_right	0	1
25216	31939_left	0	0
31760	40107_left	0	0
27551	34880_right	0	0
28623	36246_right	0	0
10195	12842_right	0	0
18581	23420_right	0	2
14333	18005_right	0	2
17369	21821_right	0	0
31423	39687_right	2	0
15484	19400_left	0	0
29910	37827_left	0	0
15337	19199_right	0	0
10139	12769_right	0	0
34587	43711_right	0	0
30287	38303_right	0	2
7354	9243_left	0	2
24542	31011_left	0	0
26663	33742_right	0	0
18640	23501_left	0	0
10342	13013_left	0	0
14652	18367_left	0	2
1902	2362_left	0	0
4515	5693_right	0	0
19242	24266_left	0	1
34491	43589_right	2	2
12054	15136_left	0	0
10564	13294_left	0	2
29840	37736_left	0	0
11499	14431_right	0	0
15408	19296_left	0	0
10673	13438_right	0	0
17033	21368_right	0	0
13832	17355_left	0	0
1346	1672_left	0	0
17510	21998_left	1	0
21502	27086_left	0	0
14063	17665_right	0	0
18950	23907_left	0	0
16611	20855_right	4	0
7519	9488_right	0	0
10765	13568_right	2	0
13658	17142_left	2	0
25740	32580_left	0	0
6134	7732_left	0	0
4853	6095_right	0	0
5888	7419_left	0	2
12744	15982_left	0	0
9523	11982_right	0	0
16025	20093_right	1	0
16518	20730_left	0	0
13778	17295_left	0	1
23892	30161_left	0	0
19356	24421_left	0	3
32355	40860_right	0	0
15493	19408_right	0	0
3955	4965_right	2	0
765	940_right	0	0
24914	31511_left	0	0
7799	9797_right	2	0
32469	40984_right	0	2
25932	32815_left	2	0
9261	11639_right	0	0
19494	24616_left	0	0
6582	8269_left	0	0
33022	41712_left	0	2
29927	37839_right	0	0
11	19_right	0	1
26592	33676_left	0	0
9091	11407_right	0	0
9411	11833_right	0	0
31442	39705_left	0	0
11144	13991_left	0	0
13522	16978_left	0	1
17036	21373_left	4	4
18997	23964_right	0	0
24093	30433_right	0	0
27619	34954_right	0	0
18266	23007_left	1	2
33706	42582_left	0	0
31355	39612_right	0	0
31225	39457_right	2	2
23325	29497_right	0	0
34705	43840_right	0	0
5251	6595_right	0	0
5033	6342_right	0	0
19152	24168_left	0	0
29684	37571_left	0	0
26890	34012_left	0	0
22308	28126_left	0	0
16450	20612_left	0	0
6644	8359_left	0	0
22105	27869_right	0	0
26126	33072_left	0	0
15970	20039_left	2	1
9749	12287_right	0	0
29348	37155_left	0	0
30326	38359_left	0	0
28572	36181_left	2	0
30023	37974_right	0	0
1094	1351_left	0	0
5057	6378_right	0	0
15933	19993_right	2	0
21009	26466_right	0	1
11452	14386_left	0	0
24996	31629_left	0	0
11766	14763_left	0	0
17445	21921_right	0	0
10547	13271_right	0	0
21773	27436_right	1	2
23479	29676_right	0	0
27128	34338_left	0	0
31503	39766_right	0	0
27408	34690_left	2	0
4627	5817_right	0	2
10474	13178_left	0	0
11459	14392_right	0	0
28770	36421_left	0	0
28314	35847_left	0	0
4766	5980_left	1	1
17698	22271_left	4	4
963	1165_right	0	0
24503	30967_right	0	0
24163	30541_right	0	0
18517	23326_right	4	0
14262	17901_left	0	0
17078	21447_left	3	0
7932	9949_left	0	0
15332	19193_left	1	0
32353	40858_right	0	0
7276	9135_left	0	0
10604	13344_left	0	0
34791	43966_right	0	0
14131	17746_right	0	0
19674	24835_left	0	0
7084	8879_left	0	0
15537	19464_right	0	0
6144	7743_left	0	2
20718	26113_left	0	0
2706	3371_left	4	0
11538	14473_left	0	2
7103	8895_right	0	0
5014	6316_left	0	0
32181	40640_right	0	0
2802	3473_left	0	2
31783	40132_right	0	0
30533	38598_right	0	0
2825	3513_right	0	0
1613	2031_right	4	2
23014	29059_left	0	0
1507	1886_right	0	0
9276	11650_left	2	0
5753	7265_right	0	0
25199	31912_right	0	0
32790	41379_left	0	0
30606	38698_left	0	2
17388	21837_left	0	0
3214	3993_left	4	0
18605	23447_right	3	0
27214	34442_left	2	0
27493	34803_right	0	0
8587	10779_right	0	0
6082	7672_left	0	0
30164	38165_left	0	0
27226	34454_left	1	0
5486	6896_left	0	0
8299	10398_right	0	0
29046	36757_left	0	0
4675	5869_right	0	0
15859	19892_right	0	0
28429	35973_right	1	0
31868	40260_left	2	0
29562	37422_left	2	0
12350	15502_left	0	0
15232	19070_left	0	0
8940	11217_left	2	0
22186	27972_left	0	2
16500	20689_left	2	0
30846	39002_left	0	0
20569	25941_right	0	0
16776	21045_left	0	0
945	1140_right	2	2
24841	31421_right	2	0
6968	8755_left	0	0
34968	44175_left	0	0
25082	31755_left	0	0
915	1102_right	0	0
7100	8893_left	0	0
20806	26228_left	0	0
21443	27014_right	0	0
13967	17515_right	0	0
14720	18449_left	0	0
12847	16134_right	3	0
24261	30655_right	0	0
10617	13363_right	0	0
8151	10218_right	0	0
29293	37082_right	0	1
34431	43511_right	2	0
17357	21808_right	0	0
1264	1557_left	0	2
34643	43775_right	0	0
5270	6618_left	0	3
23000	29048_left	0	0
16382	20523_left	1	0
10402	13089_left	0	0
12059	15144_right	0	0
14693	18425_right	0	2
13957	17504_right	0	0
26971	34117_right	0	0
20009	25233_right	0	0
4099	5128_right	0	0
22813	28796_right	0	0
32137	40582_right	0	2
30882	39042_left	0	0
2389	2961_right	0	0
34487	43587_right	0	0
28662	36293_left	0	4
5037	6347_right	0	0
28722	36367_left	1	2
4019	5039_right	1	0
17140	21521_left	0	0
33641	42498_right	2	2
8150	10218_left	0	0
843	1029_right	0	0
27888	35323_left	2	0
27434	34718_left	1	0
10994	13819_left	4	0
8926	11203_left	0	0
24919	31519_right	0	0
146	174_left	0	0
21400	26956_left	0	0
25162	31867_left	2	0
28031	35492_right	0	0
22405	28254_right	0	0
13351	16759_right	2	1
24866	31448_left	0	2
16754	21026_left	0	0
31687	40014_right	0	0
21714	27357_left	0	0
32934	41601_left	2	0
4783	5999_right	0	0
19281	24327_right	0	2
2890	3587_left	1	0
894	1076_left	2	0
11140	13984_left	0	0
18631	23485_right	2	0
10667	13431_right	0	0
21563	27155_right	0	0
23021	29076_right	0	0
12470	15638_left	0	0
23739	29987_right	0	0
21634	27245_left	0	0
13029	16381_right	0	0
19753	24918_right	0	0
23592	29801_left	0	0
11040	13869_left	0	0
14101	17709_right	0	2
26741	33838_right	0	2
18888	23831_left	4	2
23860	30130_left	0	0
27471	34776_right	0	2
12826	16110_left	0	0
1184	1469_left	2	2
5005	6304_right	0	0
22671	28607_right	0	0
24980	31602_left	4	0
11970	15014_left	0	0
2237	2778_right	0	2
31802	40178_left	4	0
2159	2677_right	0	0
34133	43160_right	0	1
13800	17318_left	1	0
30958	39127_left	0	0
4628	5819_left	0	0
12737	15975_right	4	2
21599	27203_right	2	0
14268	17915_left	0	0
6086	7676_left	0	2
34564	43688_left	2	4
26875	33991_right	0	0
22291	28104_right	0	0
14019	17608_right	2	0
26323	33317_right	0	0
21135	26617_right	0	0
23838	30109_left	0	0
1633	2058_right	0	0
32070	40487_left	0	0
694	857_left	2	0
24363	30785_right	1	4
27418	34701_left	2	0
4697	5900_right	0	0
23642	29868_left	0	1
22868	28897_left	0	0
23683	29921_right	0	0
18334	23094_left	0	2
33925	42896_right	0	2
26522	33584_left	0	0
12988	16325_left	0	2
11180	14036_left	0	0
20117	25379_right	0	0
33578	42420_left	1	0
11312	14204_left	0	0
24817	31378_right	2	0
15637	19572_right	1	0
31223	39456_right	0	0
12620	15817_left	0	0
23728	29976_left	3	0
16690	20965_left	0	0
27676	35035_left	0	0
5967	7522_right	0	0
34903	44092_right	0	0
11265	14144_right	0	0
12264	15397_left	0	2
7368	9259_left	2	0
6408	8036_left	0	0
8842	11119_left	0	2
27648	34996_left	0	0
18227	22954_right	2	0
4850	6093_left	2	2
28723	36367_right	1	0
7950	9965_left	0	0
11865	14898_right	1	0
34655	43789_right	2	0
17927	22586_right	2	0
5191	6535_right	0	0
1327	1650_right	0	2
5978	7550_left	0	0
18076	22778_left	3	0
10479	13184_right	0	0
27352	34625_left	0	2
17584	22107_left	0	0
30683	38790_right	0	0
3738	4694_left	0	0
5327	6701_right	0	0
34720	43871_left	0	2
14444	18119_left	0	0
5592	7050_left	0	0
32803	41394_right	0	2
4807	6025_right	0	2
29267	37043_right	2	0
13720	17215_left	0	0
4487	5652_right	2	2
4623	5814_right	3	0
17384	21834_left	0	0
21922	27635_left	0	0
16478	20659_left	0	0
14752	18486_left	2	0
19575	24727_right	0	0
1160	1425_left	0	0
19262	24301_left	0	0
24439	30897_right	0	0
12278	15418_left	0	0
23887	30157_right	2	0
18686	23551_left	0	0
8029	10059_right	0	0
12506	15674_left	0	0
30809	38954_right	0	2
25518	32277_left	0	2
13436	16863_left	0	0
3400	4244_left	0	2
6073	7654_right	0	0
19953	25158_right	1	0
23655	29892_right	2	0
6671	8395_right	0	1
18907	23851_right	0	0
32155	40608_right	0	0
11929	14973_right	0	0
2806	3479_left	0	2
28911	36614_right	0	0
7003	8788_right	1	1
6270	7884_left	2	1
27129	34338_right	0	0
12868	16171_left	0	0
6675	8402_right	0	0
8289	10386_right	0	2
28102	35593_left	0	0
12680	15914_left	2	0
12866	16170_left	1	0
15897	19950_right	0	2
24698	31207_left	0	0
15357	19221_right	0	0
15633	19568_right	0	0
19537	24676_right	0	0
26022	32929_left	0	0
30341	38372_right	0	0
7991	10013_right	0	0
9246	11623_left	2	0
31356	39613_left	2	2
15472	19376_left	0	0
1820	2270_left	0	0
6361	7991_right	0	0
9659	12155_right	0	0
29569	37428_right	0	0
14910	18667_left	0	0
15949	20020_right	2	0
25280	31994_left	3	0
4283	5386_right	0	2
19355	24420_right	0	0
26524	33585_left	0	0
11517	14451_right	0	0
8131	10184_right	0	0
13009	16359_right	0	0
17275	21696_right	0	0
13676	17163_left	0	0
9703	12215_right	0	0
23571	29775_right	0	1
29156	36921_left	1	2
28859	36535_right	0	0
25148	31851_left	0	0
18129	22841_right	2	2
10832	13633_left	0	0
21337	26885_right	0	0
1012	1255_left	0	0
6653	8368_right	2	0
4381	5513_right	0	0
28047	35508_right	0	0
116	140_left	0	0
25161	31864_right	2	0
24201	30586_right	0	0
27930	35377_left	0	0
32303	40805_right	1	0
12226	15340_left	0	2
31747	40088_right	0	0
26720	33813_left	0	0
9632	12127_left	0	0
20720	26114_left	0	0
5744	7250_left	0	0
2155	2675_right	0	0
110	122_left	0	0
5618	7082_left	2	0
16786	21054_left	0	2
11592	14559_left	0	0
22426	28281_left	0	0
367	421_right	0	0
10743	13536_right	0	0
12790	16043_left	2	0
25069	31732_right	0	0
32151	40605_right	0	0
15651	19582_right	0	0
18324	23083_left	0	0
25464	32221_left	3	0
1951	2433_right	1	0
31993	40392_right	0	0
31461	39720_right	0	0
10063	12673_right	0	0
892	1075_left	2	0
16512	20718_left	0	0
6855	8610_right	2	0
6950	8726_left	0	0
31685	40011_right	0	0
25746	32584_left	0	0
7268	9126_left	0	0
33904	42863_left	0	0
16032	20101_left	0	0
606	735_left	0	0
13545	17011_right	0	0
4718	5927_left	3	2
21254	26786_left	0	0
32363	40868_right	0	0
20708	26102_left	0	2
17904	22557_left	2	0
16362	20500_left	2	0
7401	9297_right	0	0
19887	25080_right	4	0
2555	3177_right	0	0
15302	19163_left	0	0
13374	16782_left	0	0
32495	41016_right	0	0
4013	5032_right	4	0
6089	7677_right	0	0
14117	17728_right	0	0
3619	4527_right	1	0
15679	19624_right	0	0
10719	13502_right	0	0
19897	25091_right	0	0
15712	19681_left	2	0
165	195_right	2	0
23987	30297_right	4	0
2050	2549_left	0	0
11626	14601_left	0	0
25948	32834_left	0	0
33704	42579_left	0	0
20654	26042_left	0	0
9586	12075_left	0	0
18193	22917_right	0	0
30758	38885_left	0	2
23036	29099_left	0	0
17612	22142_left	0	0
18825	23746_right	0	0
23105	29189_right	0	0
4331	5453_right	0	0
6441	8080_right	2	0
33458	42237_left	2	2
23755	30015_right	2	0
27792	35172_left	0	0
33695	42568_right	0	0
20809	26232_right	0	0
34924	44115_left	0	0
1512	1893_left	2	2
1766	2205_left	2	0
928	1123_left	0	0
10482	13188_left	0	0
23862	30133_left	0	0
29612	37483_left	0	0
15889	19944_right	0	0
3496	4370_left	2	0
19064	24062_left	0	1
31125	39352_right	0	0
23191	29321_right	0	0
9698	12213_left	0	0
6010	7586_left	0	0
27047	34238_right	0	0
1515	1905_right	0	0
22585	28491_right	0	0
7155	8964_right	0	0
13829	17351_right	0	0
29461	37301_right	0	0
16468	20634_left	1	0
26406	33417_left	1	2
15325	19180_right	0	0
17223	21618_right	0	0
2195	2721_right	0	0
30542	38613_left	0	0
3076	3806_left	0	0
4060	5082_left	0	2
24734	31281_left	2	0
17399	21852_right	2	0
4887	6141_right	0	0
10687	13458_right	0	0
11711	14697_right	0	0
10364	13033_left	0	0
19593	24744_right	2	0
19648	24806_left	0	2
4811	6032_right	1	0
16137	20216_right	0	0
17643	22192_right	0	1
17839	22473_right	0	0
19226	24249_left	0	0
30150	38157_left	0	0
2017	2521_right	0	0
16630	20885_left	0	0
10419	13112_right	2	0
19210	24234_left	0	0
12446	15603_left	0	0
23206	29334_left	1	0
8744	10983_left	0	0
34672	43810_left	0	2
19161	24179_right	0	0
20317	25629_right	0	0
4734	5945_left	0	0
26015	32918_right	1	0
7541	9516_right	0	0
11506	14443_left	0	0
7803	9799_right	2	0
13065	16412_right	3	0
11292	14186_left	0	0
10591	13323_right	2	0
21053	26519_right	0	2
33466	42251_left	0	0
23641	29867_right	0	0
17350	21803_left	0	0
15489	19405_right	0	0
21902	27614_left	0	0
33394	42172_left	3	0
19742	24910_left	4	2
18784	23703_left	2	0
9618	12108_left	4	2
4004	5021_left	0	0
5462	6865_left	1	0
9214	11581_left	0	0
2723	3385_right	0	0
25124	31816_left	2	0
20959	26394_right	0	0
2916	3612_left	1	0
3859	4839_right	1	0
7285	9148_right	0	0
33612	42461_left	0	1
20288	25594_left	0	0
8751	10989_right	0	0
22618	28550_left	0	2
29037	36748_right	0	0
32914	41579_left	0	0
33548	42386_left	1	0
704	869_left	1	0
14305	17972_right	3	0
6051	7631_right	3	2
15604	19521_left	2	0
34768	43934_left	0	0
5210	6551_left	2	0
3370	4202_left	0	0
34485	43584_right	0	0
6911	8663_right	0	0
33333	42105_right	0	4
25448	32201_left	0	2
34461	43550_right	0	0
12989	16325_right	0	0
2918	3614_left	2	0
27241	34476_right	2	0
8639	10842_right	0	0
23480	29678_left	0	0
33842	42777_left	0	0
26562	33637_left	0	0
8022	10050_left	0	0
9416	11845_left	0	0
24085	30419_right	0	2
24417	30869_right	4	2
23456	29656_left	1	3
11774	14770_left	0	0
22288	28098_left	0	0
17230	21625_left	0	2
12981	16318_right	0	0
21356	26912_left	0	0
682	838_left	0	1
23691	29929_right	1	0
31443	39705_right	0	0
22371	28211_right	0	0
14223	17855_right	0	0
35107	44330_right	0	0
2822	3511_left	0	0
8610	10811_left	2	0
16874	21164_left	2	0
3387	4223_right	0	2
779	959_right	0	0
24597	31089_right	0	0
17503	21987_right	1	0
34969	44175_right	0	0
28694	36341_left	0	0
7317	9198_right	0	0
29374	37185_left	2	0
33092	41800_left	2	0
14621	18333_right	0	2
22152	27931_left	0	0
9264	11642_left	0	0
27524	34841_left	0	0
15530	19458_left	0	0
17394	21847_left	0	3
3012	3738_left	2	0
4442	5592_left	0	0
1386	1732_left	2	0
4178	5240_left	0	0
34166	43186_left	0	0
27238	34470_left	2	2
25782	32624_left	0	0
21047	26514_right	0	0
6002	7574_left	0	1
15368	19238_left	1	0
905	1093_right	0	0
27370	34643_left	0	2
13472	16914_left	0	0
13557	17028_right	1	0
4118	5147_left	0	0
8033	10065_right	0	0
27718	35080_left	0	1
26402	33414_left	2	0
18080	22783_left	0	0
23677	29915_right	0	0
21684	27301_left	2	0
13546	17018_left	0	0
643	784_right	0	0
11522	14457_left	0	0
28615	36237_right	1	0
6250	7857_left	0	0
13559	17029_right	0	0
20768	26185_left	0	0
20126	25392_left	0	0
28251	35775_right	0	2
19061	24056_right	0	0
21412	26973_left	0	0
15379	19261_right	2	0
32847	41475_right	0	2
10061	12672_right	2	0
13515	16969_right	3	0
297	348_right	1	0
227	258_right	0	0
26361	33364_right	0	0
13060	16408_left	2	2
5822	7339_left	1	0
30889	39046_right	0	0
9340	11759_left	2	0
33367	42143_right	0	0
18113	22825_right	0	0
31268	39503_left	2	0
19470	24588_left	0	0
6220	7828_left	2	0
21297	26838_right	0	0
5164	6502_left	2	0
21482	27057_left	1	0
33729	42618_right	2	0
15471	19375_right	0	0
10029	12642_right	0	0
32485	41006_right	0	0
35034	44237_left	2	0
30443	38492_right	0	0
22174	27964_left	0	0
27527	34844_right	4	0
2482	3074_left	2	2
14724	18452_left	2	0
25726	32558_left	2	0
17250	21654_left	2	0
28637	36260_right	0	0
26799	33900_right	0	2
20145	25412_right	0	2
7745	9739_right	0	0
30496	38556_left	0	2
15638	19573_left	0	3
32452	40961_left	0	2
32372	40876_left	0	0
5087	6417_right	0	1
4298	5407_left	2	1
17985	22660_right	0	0
24379	30818_right	0	0
195	225_right	0	0
19056	24044_left	0	0
12856	16145_left	0	0
17518	22004_left	0	2
34589	43713_right	0	0
6039	7613_right	0	0
27344	34611_left	0	0
13572	17042_left	0	0
3848	4827_left	0	2
11188	14044_left	0	0
25979	32874_right	0	0
27397	34678_right	0	0
22815	28797_right	0	0
21820	27512_left	0	0
32482	41005_left	0	2
2561	3192_right	2	3
6641	8353_right	0	0
30285	38301_right	2	0
4278	5383_left	1	0
31734	40077_left	2	0
1679	2107_right	2	0
11748	14750_left	0	0
13793	17311_right	0	2
28908	36613_left	1	0
11045	13875_right	0	0
254	299_left	0	0
9711	12231_right	0	0
22434	28290_left	0	0
34717	43863_right	0	2
18571	23411_right	1	0
3535	4418_right	0	0
8284	10379_left	2	0
10189	12835_right	2	0
23438	29640_left	2	0
8859	11129_right	0	0
2384	2956_left	1	0
12588	15791_left	0	0
11194	14048_left	2	0
17187	21577_right	0	0
16217	20313_right	0	0
6884	8644_left	0	1
8861	11130_right	0	0
25959	32846_right	4	0
7874	9878_left	0	3
4597	5790_right	2	0
6311	7940_right	2	2
26324	33319_left	2	0
30864	39021_left	0	0
5204	6547_left	0	0
17038	21377_left	0	0
13107	16471_right	0	2
20919	26343_right	0	0
26364	33368_left	0	0
20694	26079_left	0	0
19709	24874_right	0	0
34878	44068_left	0	0
16304	20428_left	0	2
33226	41949_left	1	1
1057	1307_right	0	1
22543	28436_right	0	0
28145	35646_right	0	0
5149	6483_right	0	0
21910	27623_left	0	2
3652	4567_left	2	0
34940	44141_left	0	0
6455	8096_right	0	0
8867	11138_right	0	0
11705	14688_right	2	2
1687	2117_right	0	2
16411	20554_right	0	0
25666	32474_left	0	0
18236	22979_left	0	0
30127	38127_right	2	0
22537	28424_right	0	0
26045	32959_right	2	0
27113	34319_right	0	0
19337	24403_right	0	0
16784	21053_left	0	0
18773	23692_right	4	2
3085	3823_right	0	0
4336	5457_left	2	0
497	609_right	2	0
31876	40267_left	0	0
506	617_left	0	2
33270	42020_left	1	0
33516	42343_left	0	0
26992	34166_left	0	0
33702	42578_left	0	0
15440	19342_left	0	0
3206	3986_left	0	4
4761	5974_right	0	2
18749	23647_right	0	0
33238	41961_left	0	0
13086	16446_left	0	0
9764	12303_left	0	0
3056	3779_left	1	0
3237	4035_right	0	2
14187	17809_right	0	2
29409	37223_right	0	0
29964	37913_left	0	0
14014	17606_left	0	0
33354	42131_left	0	0
17318	21754_left	2	0
18140	22855_left	0	0
7707	9694_right	2	0
20092	25345_left	0	0
8159	10224_right	0	0
25544	32313_left	0	2
4117	5146_right	2	0
14483	18172_right	0	0
35106	44330_left	0	0
17139	21520_right	2	2
3385	4217_right	0	0
7089	8882_right	0	0
21329	26876_right	0	0
28433	35979_right	0	0
9197	11547_right	1	0
8908	11181_left	0	0
20933	26366_right	2	0
9454	11903_left	0	2
14665	18380_right	0	0
25382	32102_left	0	0
33348	42127_left	0	0
19586	24738_left	0	0
8304	10403_left	0	1
26445	33472_right	1	2
9737	12264_right	0	0
17224	21619_left	0	0
27700	35063_left	0	0
21355	26909_right	0	0
8714	10945_left	0	2
34514	43615_left	0	0
20534	25896_left	0	3
24715	31249_right	0	0
15520	19448_left	0	1
22679	28614_right	0	0
32079	40499_right	2	3
92	100_left	0	2
24181	30567_right	2	0
33429	42204_right	0	0
13914	17459_left	0	0
10921	13738_right	0	2
32319	40823_right	1	0
2998	3710_left	0	2
15074	18883_left	0	0
589	715_right	2	0
12954	16287_left	0	0
11656	14632_left	0	0
603	733_right	0	0
6332	7961_left	1	0
9228	11601_left	0	2
28171	35678_right	2	0
6599	8295_right	1	2
12253	15383_right	0	0
6823	8562_right	2	0
21844	27550_left	2	0
24869	31449_right	2	2
10502	13212_left	0	0
31615	39924_right	0	0
21491	27072_right	0	2
34976	44186_left	0	0
3543	4434_right	0	0
24659	31172_right	0	0
33036	41734_left	0	0
4235	5315_right	0	0
654	799_left	0	2
10892	13693_left	0	0
8853	11124_right	0	0
23853	30120_right	0	0
32691	41278_right	0	0
23781	30042_right	2	0
2769	3434_right	0	2
19140	24155_left	0	0
29193	36959_right	2	0
1151	1418_right	0	0
11972	15018_left	0	0
15553	19476_right	0	0
5378	6765_left	2	1
13977	17533_right	0	1
33189	41903_right	3	2
18632	23493_left	2	0
27462	34768_left	0	0
3482	4354_left	0	0
21858	27565_left	0	0
31400	39668_left	0	2
30306	38330_left	0	2
18582	23422_left	4	0
16782	21052_left	0	0
24519	30984_right	2	0
12451	15610_right	0	2
4073	5090_right	0	0
6265	7880_right	2	0
28541	36146_right	0	0
21134	26617_left	0	0
34854	44030_left	0	0
5154	6490_left	0	0
22831	28817_right	0	0
5726	7214_left	0	0
12216	15325_left	0	2
26893	34013_right	0	0
32743	41323_right	0	0
31925	40323_right	4	0
902	1092_left	0	0
5770	7279_left	4	2
30422	38466_left	0	0
17971	22637_right	0	0
17733	22321_right	0	0
832	1017_left	0	0
26726	33820_left	2	2
26378	33382_left	0	2
32844	41473_left	0	0
26570	33646_left	2	0
32037	40455_right	0	0
25169	31872_right	0	0
21096	26576_left	0	3
34168	43187_left	0	0
217	244_right	0	4
29240	37026_left	0	0
7998	10022_left	0	0
6223	7829_right	2	0
1435	1779_right	2	0
578	702_left	0	0
13309	16710_right	0	0
4752	5963_left	0	0
19249	24273_right	0	0
28393	35933_right	1	0
16363	20500_right	2	0
31072	39294_left	2	2
22277	28088_right	0	0
13940	17488_left	0	0
10322	12990_left	2	0
15007	18802_right	0	0
20926	26353_left	0	0
19809	24990_right	1	0
13777	17290_right	0	0
33942	42916_left	0	0
23383	29589_right	2	0
10392	13069_left	0	0
3676	4599_left	0	0
8753	10994_right	0	0
24155	30531_right	0	0
10639	13392_right	0	0
12878	16183_left	0	2
11602	14569_left	0	0
4448	5598_left	2	0
23363	29559_right	1	0
13311	16718_right	3	0
6416	8041_left	0	0
25793	32634_right	0	1
9096	11417_left	2	2
5385	6782_right	0	0
23859	30125_right	0	3
21019	26477_right	4	0
33138	41849_left	0	2
28630	36257_left	2	2
21123	26597_right	0	2
2323	2865_right	0	0
5969	7523_right	0	0
14903	18656_right	3	0
3129	3872_right	0	0
17771	22379_right	4	0
12967	16301_right	0	0
14647	18363_right	3	0
29024	36740_left	3	2
29333	37138_right	0	0
9270	11647_left	2	0
6017	7590_right	0	0
25970	32862_left	0	0
15295	19155_right	0	1
17316	21753_left	0	0
29140	36904_left	0	0
24526	30990_left	0	0
29931	37848_right	2	0
12453	15611_right	0	0
34422	43493_left	0	0
11017	13843_right	0	0
23646	29883_left	2	0
1314	1638_left	0	2
11002	13827_left	0	0
6877	8638_right	0	0
32382	40887_left	0	0
25807	32655_right	2	0
1001	1222_right	0	0
3586	4490_left	0	0
1618	2036_left	0	0
14935	18701_right	0	2
32551	41081_right	2	2
33993	42970_right	0	0
14349	18020_right	0	0
1999	2497_right	0	2
2171	2691_right	0	0
20397	25736_right	0	0
25800	32642_left	0	0
26856	33971_left	0	0
28664	36296_left	0	0
16652	20906_left	0	0
763	939_right	0	0
8156	10223_left	0	2
21779	27443_right	0	0
29407	37220_right	0	0
3959	4969_right	0	0
13651	17134_right	0	0
2579	3216_right	1	0
30870	39024_left	0	0
3204	3984_left	0	0
9365	11786_right	0	0
27802	35187_left	0	0
8358	10475_left	0	4
15736	19717_left	0	0
30239	38247_right	3	0
28576	36185_left	0	0
33824	42748_left	2	0
617	745_right	0	2
27264	34499_left	0	0
34727	43887_right	0	0
14426	18095_left	2	2
8922	11197_left	0	0
23287	29447_right	0	0
27369	34641_right	0	0
23704	29951_left	0	0
16108	20184_left	2	0
2095	2605_right	0	0
30405	38439_right	2	0
28828	36500_left	0	0
413	472_right	0	2
2447	3023_right	0	0
30437	38480_right	0	0
16880	21173_left	0	0
2341	2887_right	0	0
18985	23952_right	0	2
14123	17734_right	1	2
14473	18155_right	1	3
15082	18903_left	0	0
2638	3305_left	0	0
25306	32016_left	0	0
31590	39885_left	0	0
31494	39758_left	0	0
32224	40706_left	0	0
15917	19970_right	0	2
17460	21939_left	0	0
27038	34232_left	0	2
29519	37369_right	0	0
25370	32086_left	2	2
11235	14098_right	0	0
11868	14901_left	1	0
19981	25188_right	0	1
29815	37696_right	0	0
76	75_left	0	0
27709	35067_right	2	2
26697	33788_right	0	2
29279	37069_right	0	0
4901	6165_right	1	0
3904	4902_left	0	0
4881	6136_right	0	2
17356	21808_left	0	0
30985	39164_right	4	0
33076	41776_left	0	0
32116	40556_left	0	0
17647	22194_right	2	2
2372	2946_left	2	0
24170	30557_left	0	0
15223	19061_right	4	2
1795	2239_right	0	0
2968	3673_left	0	4
26104	33031_left	0	1
29505	37354_right	3	1
10044	12653_left	0	0
6252	7859_left	3	0
1714	2141_left	0	0
17959	22623_right	0	0
28179	35683_right	0	0
27617	34952_right	0	0
3630	4538_left	0	2
9262	11640_left	0	0
29702	37587_left	0	1
18177	22895_right	2	0
2979	3692_right	0	0
30453	38504_right	0	0
7169	8975_right	0	0
14713	18444_right	0	0
9072	11385_left	0	1
13645	17127_right	0	0
22197	27982_right	2	3
34935	44127_right	0	0
5926	7470_left	0	0
22633	28571_right	0	1
34254	43304_left	0	0
6840	8588_left	0	0
28387	35925_right	0	0
19591	24743_right	2	0
26783	33885_right	0	0
33230	41953_left	3	0
26950	34096_left	0	0
21857	27562_right	0	0
29054	36767_left	2	2
8164	10232_left	0	0
16834	21106_left	0	2
11205	14060_right	0	0
22849	28860_right	0	0
22087	27842_right	0	0
7577	9549_right	0	0
20311	25620_right	3	0
30981	39160_right	0	0
26617	33696_right	0	0
27054	34245_left	0	0
9987	12596_right	0	0
8072	10129_left	0	0
11973	15018_right	0	0
34622	43758_left	0	0
7066	8858_left	0	0
21808	27499_left	0	0
3282	4090_left	0	0
1792	2236_left	0	0
32688	41277_left	0	0
31931	40327_right	0	0
6437	8073_right	3	0
24398	30839_left	0	0
34904	44093_left	0	0
19415	24509_right	0	0
12654	15873_left	0	0
34979	44187_right	0	0
1277	1586_right	0	0
21119	26595_right	1	2
27274	34518_left	0	0
11675	14655_right	0	0
5051	6374_right	0	0
11981	15027_right	0	0
28641	36264_right	2	0
23053	29113_right	0	0
30157	38161_right	0	0
25983	32878_right	0	0
3020	3743_left	0	0
23885	30155_right	0	0
28385	35922_right	0	0
7631	9619_right	1	2
7511	9469_right	0	0
34176	43196_left	1	0
19408	24491_left	0	0
23277	29432_right	0	0
28563	36174_right	0	0
17176	21563_left	0	2
2213	2743_right	0	0
30731	38848_right	0	0
29764	37641_left	0	2
13548	17019_left	0	0
27082	34280_left	0	0
30820	38965_left	2	2
13322	16732_left	2	0
20906	26334_left	0	0
22185	27971_right	0	1
6685	8412_right	0	2
7768	9767_left	0	0
13735	17230_right	0	0
3668	4584_left	0	0
24861	31442_right	4	0
32715	41297_right	0	0
8931	11206_right	3	0
34842	44020_left	0	0
7471	9392_right	0	0
34384	43452_left	0	2
23403	29608_right	0	0
122	155_left	0	0
13888	17426_left	4	0
6589	8280_right	0	1
5911	7457_right	1	0
33551	42387_right	2	0
21645	27264_right	2	0
23537	29739_right	0	0
33385	42162_right	0	0
14319	17989_right	0	2
4574	5773_left	0	2
13044	16392_left	4	0
23011	29057_right	2	0
31490	39756_left	3	0
34458	43549_left	1	0
23457	29656_right	0	0
15	21_right	0	0
14888	18639_left	0	0
28687	36335_right	2	0
4222	5298_left	3	0
30391	38422_right	0	0
12086	15185_left	2	2
20992	26447_left	0	0
24871	31450_right	0	2
15876	19934_left	0	0
15906	19960_left	0	0
4717	5924_right	0	0
5023	6323_right	0	0
968	1172_left	0	0
27741	35108_right	0	0
2570	3204_left	0	0
12499	15660_right	0	0
8166	10233_left	1	0
16550	20775_left	0	0
11379	14300_right	0	0
16994	21320_left	0	0
11640	14619_left	0	0
10062	12673_left	0	0
6936	8698_left	0	0
19798	24982_left	1	0
26728	33824_left	0	0
15385	19269_right	1	0
32099	40533_right	2	0
12496	15658_left	0	0
27913	35349_right	0	1
47	54_right	2	0
14032	17629_left	1	0
26256	33251_left	2	0
8175	10242_right	0	0
7011	8794_right	0	0
34338	43389_left	0	0
2876	3572_left	0	0
14180	17805_left	1	0
22325	28145_right	0	0
12699	15935_right	1	1
11315	14205_right	2	2
12494	15657_left	0	0
34269	43317_right	0	0
3220	4001_left	0	0
22650	28587_left	0	0
25565	32342_right	0	0
23607	29817_right	2	0
3368	4200_left	0	0
34507	43609_right	2	0
3474	4335_left	0	0
16348	20479_left	0	0
31697	40026_right	0	0
17520	22008_left	0	0
27080	34277_left	0	0
25884	32756_left	0	0
32947	41617_right	0	0
7807	9801_right	0	0
33175	41893_right	0	0
9555	12023_right	0	0
734	912_left	0	0
16805	21077_right	2	0
10210	12861_left	4	0
7967	9979_right	0	0
5032	6342_left	0	0
8593	10785_right	4	0
18967	23931_right	0	0
363	418_right	0	0
22341	28173_right	0	0
28794	36448_left	0	0
8987	11270_right	2	0
2740	3406_left	0	0
10480	13186_left	0	0
20572	25945_left	2	0
1888	2354_left	0	0
18516	23326_left	4	0
32873	41525_right	1	0
3812	4780_left	0	0
32760	41336_left	3	0
24324	30733_left	0	0
7426	9333_left	0	2
32112	40551_left	1	0
4705	5911_right	0	0
3477	4349_right	0	0
6109	7700_right	2	0
582	704_left	0	0
13369	16777_right	2	0
29254	37036_left	0	0
34956	44159_left	0	1
25107	31777_right	0	0
25957	32845_right	0	0
8006	10031_left	0	0
13556	17028_left	0	0
34724	43873_left	2	0
29825	37708_right	4	2
30697	38800_right	2	0
11399	14323_right	2	0
32676	41258_left	2	0
25626	32420_left	0	0
10670	13436_left	0	0
8439	10587_right	0	0
2981	3693_right	0	0
3730	4688_left	2	0
9653	12148_right	0	0
3937	4937_right	2	0
29686	37573_left	0	0
30911	39070_right	0	0
14167	17792_right	0	0
1558	1960_left	0	0
27546	34875_left	0	2
13382	16789_left	0	0
25315	32024_right	0	0
4710	5916_left	0	0
18013	22691_right	2	2
28931	36636_right	2	0
34568	43690_left	0	2
10079	12689_right	0	0
31082	39309_left	0	0
6171	7784_right	0	0
14070	17673_left	0	0
3704	4641_left	0	0
11056	13889_left	3	0
22574	28476_left	0	0
11524	14460_left	0	2
4374	5508_left	0	0
10192	12839_left	2	0
25923	32804_right	0	0
402	458_left	3	0
13181	16565_right	4	0
12036	15102_left	0	0
57	60_right	0	0
22738	28698_left	0	0
26813	33915_right	0	0
21327	26874_right	2	2
7999	10022_right	0	0
26753	33853_right	0	0
10999	13821_right	0	0
34447	43533_right	0	0
32306	40811_left	0	0
27094	34289_left	0	0
15180	19008_left	0	0
34016	43008_left	4	2
8302	10401_left	0	0
26216	33185_left	0	0
30682	38790_left	0	0
9563	12036_right	2	0
26110	33037_left	2	0
9539	11997_right	0	0
34109	43136_right	0	0
10374	13043_left	1	0
29553	37407_right	0	0
19105	24111_right	0	2
4911	6175_right	1	1
6866	8623_left	1	2
30298	38324_left	2	0
31483	39750_right	0	0
17960	22624_left	0	0
23736	29986_left	0	0
23151	29274_right	2	2
24994	31625_left	0	0
13319	16728_right	0	0
22417	28268_right	0	0
1963	2443_right	0	0
15713	19681_right	2	0
23699	29939_right	0	0
33474	42265_left	2	0
14737	18471_right	0	2
15290	19149_left	0	0
15221	19060_right	0	0
22538	28434_left	4	0
20548	25926_left	0	0
23117	29213_right	0	0
34325	43373_right	0	0
26606	33687_left	0	0
28677	36322_right	1	0
27838	35266_left	2	2
7110	8900_left	1	0
7717	9702_right	0	0
2729	3393_right	0	0
27921	35367_right	0	0
5238	6585_left	0	0
6218	7825_left	0	0
29002	36718_left	0	0
34125	43153_right	2	0
27385	34667_right	0	0
11797	14810_right	0	0
473	560_right	2	0
17037	21373_right	4	2
1660	2087_left	0	0
25158	31863_left	1	0
33260	42008_left	0	2
181	214_right	0	0
6750	8490_left	0	0
11445	14377_right	0	0
32096	40528_left	2	0
11984	15032_left	0	0
27001	34174_right	0	2
26408	33422_left	0	0
33880	42821_left	0	0
33166	41884_left	0	0
5928	7474_left	2	2
26139	33082_right	0	2
8725	10961_right	0	0
32668	41250_left	0	0
15822	19849_left	0	0
28447	36002_right	3	0
17823	22456_right	0	0
1960	2441_left	0	0
28147	35647_right	2	2
22664	28603_left	0	0
25109	31784_right	3	0
8597	10787_right	1	0
8342	10448_left	0	2
18596	23433_left	4	0
28559	36169_right	0	0
3268	4071_left	0	0
17674	22223_left	0	0
24050	30373_left	0	2
16240	20337_left	0	0
29762	37639_left	1	0
26958	34101_left	2	0
17198	21592_left	0	2
13916	17461_left	1	0
31001	39184_right	0	0
22969	29019_right	0	0
19099	24104_right	2	2
15327	19183_right	0	2
12378	15530_left	0	0
13272	16651_left	3	0
17797	22424_right	0	0
19079	24083_right	0	0
6205	7811_right	0	0
21937	27653_right	3	0
9141	11476_right	0	0
17972	22642_left	0	0
6030	7606_left	0	0
7870	9875_left	0	0
13037	16388_right	0	2
6046	7623_left	3	0
26396	33409_left	0	0
10631	13387_right	4	2
28383	35920_right	0	0
7122	8919_left	2	0
18204	22933_left	0	0
5711	7198_right	0	0
15268	19115_left	0	0
15455	19356_right	0	0
24990	31622_left	0	0
11079	13922_right	0	0
22064	27822_left	0	0
30374	38408_left	2	0
23099	29181_right	0	0
10384	13062_left	0	0
30250	38255_left	0	0
22429	28286_right	0	0
6512	8187_left	0	0
25087	31759_right	0	2
34692	43831_left	3	3
5205	6547_right	0	0
29170	36934_left	2	0
16378	20517_left	0	0
8327	10427_right	0	0
14185	17808_right	0	0
17866	22515_left	0	0
28780	36427_left	1	0
33652	42510_left	2	0
13457	16892_right	0	3
3731	4688_right	4	0
13337	16748_right	2	0
32494	41016_left	0	0
16444	20605_left	0	0
33391	42168_right	2	0
4107	5139_right	3	0
24490	30945_left	0	0
11923	14965_right	0	2
30566	38653_left	4	2
16226	20322_left	0	0
30872	39026_left	0	0
33227	41949_right	1	0
24275	30672_right	0	0
20942	26377_left	0	0
31870	40262_left	0	1
30128	38130_left	1	2
17392	21846_left	3	0
7328	9207_left	0	0
11026	13850_left	0	0
28543	36148_right	0	0
4868	6125_left	0	0
20633	26004_right	2	0
27437	34719_right	0	0
20634	26005_left	0	0
21827	27521_right	0	0
11256	14129_left	3	1
25551	32320_right	2	0
35007	44215_right	0	0
31501	39764_right	0	4
3716	4659_left	0	0
11702	14687_left	0	0
17750	22349_left	2	0
31578	39874_left	2	0
2117	2633_right	0	2
13354	16764_left	0	0
5386	6785_left	2	0
17897	22543_right	0	0
32513	41040_right	0	0
10437	13133_right	0	2
11411	14339_right	2	0
22373	28213_right	0	2
17783	22398_right	1	0
31065	39284_right	0	0
5855	7378_right	1	0
13979	17540_right	0	0
18200	22930_left	3	0
3953	4959_right	0	0
12148	15254_left	0	0
31998	40405_left	3	2
17297	21714_right	1	2
18122	22836_left	0	0
32208	40683_left	1	0
14407	18070_right	0	0
28296	35832_left	0	0
21545	27138_right	0	0
34167	43186_right	0	0
14986	18762_left	0	0
22364	28204_left	0	0
8572	10762_left	1	0
29588	37453_left	0	0
7569	9544_right	0	0
32059	40475_right	0	2
17242	21645_left	0	0
16197	20293_right	0	0
18373	23135_right	0	0
13755	17257_right	2	1
16861	21138_right	0	0
19103	24107_right	0	0
30601	38688_right	0	2
6697	8421_right	0	0
24199	30583_right	0	0
33387	42164_right	0	0
5638	7098_left	0	0
32661	41237_right	0	0
2526	3139_left	1	0
29739	37615_right	0	2
24949	31561_right	2	0
4368	5501_left	0	0
27441	34727_right	0	2
5725	7213_right	0	0
5176	6519_left	0	0
16436	20592_left	0	0
19631	24783_right	1	0
29783	37658_right	0	0
31994	40396_left	0	0
5565	7013_right	0	0
9431	11863_right	2	2
14213	17846_right	0	0
32472	40989_left	0	0
27906	35341_left	0	0
8264	10353_left	0	0
23503	29704_right	0	0
3687	4614_right	1	0
22928	28972_left	0	0
13262	16641_left	1	2
13502	16952_left	0	2
11053	13883_right	0	0
29225	37000_right	0	0
14651	18365_right	1	0
15381	19262_right	0	0
13000	16341_left	0	0
14202	17833_left	0	0
29665	37553_right	0	0
2950	3652_left	0	2
21817	27507_right	0	2
2426	2997_left	0	0
155	184_right	2	1
16366	20505_left	2	0
19380	24460_left	0	0
23905	30174_right	0	0
4758	5968_left	0	2
17335	21772_right	0	0
21963	27677_right	1	0
14	21_left	0	0
14667	18382_right	2	0
11971	15014_right	0	2
7872	9876_left	2	0
29284	37074_left	0	0
4611	5804_right	0	0
28217	35731_right	0	0
2896	3595_left	0	0
24760	31317_left	0	0
4802	6022_left	0	3
31152	39376_left	2	0
24344	30757_left	0	0
31480	39748_left	0	2
13360	16769_left	0	0
14385	18048_right	0	0
9123	11444_right	0	0
4861	6106_right	0	0
3823	4795_right	0	0
21371	26926_right	0	0
7933	9949_right	1	0
15165	18987_right	0	0
23068	29139_left	0	0
24683	31191_right	0	0
18445	23237_right	0	0
19750	24916_left	0	0
14498	18185_left	1	0
10132	12759_left	0	0
9600	12095_left	0	0
17222	21618_left	0	0
908	1098_left	1	2
22911	28946_right	0	1
30719	38833_right	0	0
30868	39023_left	0	0
11412	14340_left	4	0
22781	28768_right	2	0
32583	41131_right	0	0
30915	39075_right	1	0
24872	31452_left	2	0
7809	9804_right	0	1
9057	11365_right	0	0
3931	4931_right	1	2
29935	37851_right	0	0
26186	33144_left	0	2
32418	40921_left	2	0
26122	33068_left	0	0
3265	4069_right	0	0
14780	18515_left	2	0
30871	39024_right	0	0
30505	38566_right	0	0
10559	13283_right	0	0
21090	26569_left	0	0
12929	16249_right	1	2
1673	2099_right	2	0
5887	7417_right	0	0
9026	11316_left	2	0
2854	3553_left	0	0
32595	41160_right	0	0
33990	42968_left	0	0
10644	13397_left	0	0
862	1043_left	1	0
3907	4903_right	2	0
20964	26402_left	0	0
8864	11136_left	0	0
12415	15574_right	0	0
27883	35318_right	0	0
7887	9895_right	0	0
5987	7555_right	0	0
4501	5670_right	0	0
6474	8122_left	0	2
4151	5198_right	0	2
5651	7111_right	0	0
9469	11916_right	0	0
18290	23034_left	2	0
17757	22361_right	0	0
12466	15635_left	0	0
8272	10367_left	0	0
14102	17716_left	0	0
3078	3808_left	2	0
23899	30168_right	0	0
33779	42690_right	1	0
28292	35830_left	0	0
20240	25534_left	1	2
8078	10134_left	0	2
2627	3295_right	2	0
7478	9404_left	0	0
21574	27168_left	2	0
12858	16148_left	0	0
20604	25978_left	0	0
33395	42172_right	2	0
2200	2728_left	0	0
2949	3651_right	0	0
20818	26241_left	0	0
32964	41640_left	1	0
26793	33895_right	0	0
26478	33519_left	2	0
22820	28801_left	0	2
24779	31334_right	0	2
10382	13058_left	0	0
6293	7910_right	0	0
19060	24056_left	0	0
176	210_left	0	0
5702	7187_left	0	0
33922	42895_left	0	0
24347	30760_right	0	0
29058	36778_left	1	0
20111	25374_right	0	0
12171	15278_right	2	0
8301	10400_right	0	0
4169	5219_right	0	0
26000	32896_left	0	0
9350	11773_left	0	0
18000	22677_left	0	0
24765	31322_right	0	0
29096	36824_left	0	0
20271	25575_right	0	0
27074	34269_left	0	0
6015	7589_right	0	0
27515	34831_right	3	0
10689	13465_right	0	0
4904	6167_left	0	0
5013	6314_right	0	2
597	728_right	1	0
21501	27085_right	0	0
32793	41381_right	0	0
18033	22717_right	0	0
5646	7109_left	0	0
5412	6810_left	0	0
30661	38759_right	0	0
28514	36103_left	2	0
12386	15539_left	0	0
33970	42944_left	0	0
34468	43560_left	2	0
17117	21501_right	0	2
233	263_right	0	0
12295	15433_right	0	0
21847	27553_right	0	0
16467	20631_right	2	0
25105	31775_right	0	0
7760	9755_left	0	0
22199	27986_right	0	0
6945	8711_right	1	0
25201	31916_right	0	0
14085	17688_right	1	0
34534	43641_left	2	0
30740	38861_left	0	0
2529	3141_right	0	2
6596	8292_left	4	0
15613	19535_right	0	0
28095	35583_right	0	0
16352	20482_left	2	0
26648	33726_left	0	0
7581	9555_right	0	0
20962	26397_left	0	0
1578	1986_left	0	1
1073	1330_right	0	0
4941	6210_right	0	2
15587	19506_right	0	0
33817	42732_right	2	2
33857	42792_right	0	0
8844	11120_left	2	0
27644	34994_left	0	0
10446	13147_left	0	0
33232	41957_left	2	0
34753	43911_right	0	0
23126	29221_left	0	2
33484	42291_left	0	0
3256	4062_left	0	0
8689	10919_right	0	0
26001	32896_right	0	0
12991	16327_right	2	0
6531	8217_right	0	0
22438	28295_left	2	0
17560	22071_left	0	0
8114	10169_left	0	0
22129	27905_right	1	0
3944	4951_left	0	0
2430	3000_left	0	2
4851	6093_right	2	2
21405	26961_right	0	0
22317	28132_right	0	1
34241	43289_right	0	0
2728	3393_left	0	2
20773	26190_right	1	1
32846	41475_left	0	0
10203	12849_right	0	2
20167	25436_right	2	2
27745	35116_right	0	0
3604	4513_left	2	0
28475	36039_right	0	0
31261	39491_right	0	0
29429	37248_right	0	0
34933	44123_right	0	0
30170	38169_left	0	0
7551	9526_right	3	0
19503	24625_right	2	0
13117	16487_right	0	0
25605	32402_right	0	0
29515	37365_right	0	0
2337	2881_right	0	2
18962	23923_left	2	0
30468	38518_left	4	2
32237	40719_right	0	2
31421	39686_right	0	0
28222	35737_left	0	1
16029	20098_right	0	0
18969	23933_right	0	0
31891	40286_right	0	2
11966	15006_left	0	1
21145	26630_right	2	0
12749	15987_right	0	0
6739	8477_right	0	0
2059	2554_right	0	0
10213	12863_right	0	0
25453	32211_right	0	0
25057	31715_right	0	0
9200	11551_left	0	0
7822	9817_left	0	2
19634	24788_left	0	0
9084	11394_left	0	0
24709	31226_right	2	2
5927	7470_right	0	0
692	851_left	0	0
1822	2272_left	2	2
7282	9147_left	0	0
12398	15551_left	0	0
24216	30600_left	0	0
31977	40377_right	0	0
31887	40284_right	1	0
19448	24549_left	2	0
9914	12492_left	2	2
19316	24386_left	0	0
21209	26725_right	0	0
5286	6643_left	1	0
25943	32825_right	0	0
22508	28387_left	0	0
16938	21239_left	0	0
8941	11217_right	2	0
22132	27907_left	0	0
21246	26772_left	4	0
29594	37457_left	0	0
15225	19062_right	0	0
20104	25360_left	0	0
28135	35635_right	0	2
26724	33818_left	0	3
25356	32073_left	0	0
12610	15808_left	0	0
30973	39145_right	2	0
3863	4842_right	0	0
23063	29132_right	0	2
29834	37727_left	0	0
4458	5613_left	0	0
31013	39195_right	0	2
2507	3104_right	2	2
10123	12746_right	0	0
8310	10408_left	2	1
12899	16205_right	0	0
16134	20212_left	0	0
17535	22034_right	0	0
29161	36929_right	0	2
13128	16510_left	2	0
636	773_left	0	0
4460	5615_left	2	0
11813	14834_right	2	0
22268	28080_left	1	0
25483	32239_right	0	0
14577	18279_right	0	2
5838	7359_left	0	0
3002	3721_left	0	0
32195	40667_right	1	0
9950	12553_left	0	0
19630	24783_left	1	0
18910	23853_left	0	3
23539	29740_right	1	0
18078	22782_left	0	0
23623	29840_right	0	2
17954	22617_left	0	0
786	967_left	0	0
20194	25470_left	0	0
23447	29647_right	0	0
27277	34522_right	0	2
5287	6643_right	1	0
18377	23141_right	0	0
33408	42184_left	1	2
6007	7580_right	1	2
34821	44003_right	0	2
10066	12676_left	1	0
31183	39402_right	1	0
34800	43980_left	0	0
23268	29423_left	0	1
30612	38701_left	0	0
31968	40370_left	2	2
14235	17869_right	0	0
28537	36143_right	0	0
30267	38278_right	0	0
2808	3485_left	2	2
21600	27204_left	0	0
33415	42191_right	0	0
18894	23836_left	0	0
26191	33147_right	0	0
11975	15022_right	0	0
27288	34530_left	2	0
33751	42651_right	2	0
3919	4916_right	0	0
2847	3533_right	2	2
31060	39272_left	3	2
9441	11888_right	0	0
8553	10737_right	1	0
10209	12859_right	2	0
34820	44003_left	1	1
30515	38578_right	0	0
7442	9358_left	0	0
15988	20061_left	0	0
18557	23395_right	1	0
20622	25992_left	0	0
15858	19892_left	0	0
2211	2736_right	0	0
29437	37260_right	0	0
14127	17739_right	0	0
8082	10137_left	0	0
24534	30997_left	0	0
29932	37849_left	4	0
25860	32726_left	3	1
32	41_left	0	2
28965	36673_right	0	0
20523	25881_right	0	0
19729	24891_right	0	0
14963	18732_right	0	0
6324	7949_left	0	0
6869	8627_right	0	0
16924	21219_left	0	0
4745	5953_right	1	0
4137	5180_right	0	0
23861	30130_right	0	0
7009	8793_right	0	2
29517	37366_right	0	0
10606	13345_left	2	0
20241	25534_right	0	0
1217	1502_right	0	0
11296	14191_left	1	3
12823	16101_right	0	2
24341	30753_right	0	0
6438	8074_left	0	0
6343	7971_right	2	0
6975	8762_right	0	0
17285	21702_right	0	0
20314	25628_left	2	0
2283	2824_right	0	0
31411	39675_right	0	0
3640	4551_left	0	4
13048	16395_left	0	0
23176	29305_left	0	0
26064	32986_left	0	0
33337	42109_right	0	0
20735	26131_right	0	0
2821	3509_right	0	0
3755	4711_right	1	0
9491	11946_right	0	0
10734	13527_left	2	0
33524	42357_left	0	0
27916	35357_left	0	2
1514	1905_left	0	0
21373	26929_right	2	0
27006	34186_left	0	0
4495	5664_right	0	0
29580	37448_left	0	0
4894	6155_left	0	0
27442	34731_left	2	2
5473	6878_right	3	0
32186	40650_left	0	0
9474	11926_left	0	0
9733	12258_right	0	0
14856	18598_left	0	0
11310	14202_left	2	0
12244	15369_left	0	0
10371	13041_right	0	0
8679	10907_right	0	0
18922	23873_left	1	2
1434	1779_left	0	0
12155	15262_right	0	0
21824	27519_left	0	0
4575	5773_right	0	2
31897	40296_right	3	0
20588	25956_left	0	0
12751	15988_right	2	1
23962	30255_left	4	0
21031	26493_right	0	1
7404	9300_left	0	0
16639	20893_right	2	2
6303	7932_right	2	0
18760	23665_left	0	0
18175	22894_right	4	0
10657	13410_right	0	0
26605	33686_right	0	0
11405	14333_right	0	0
5640	7106_left	0	0
10950	13765_left	0	0
33944	42919_left	0	0
23379	29579_right	0	0
27739	35107_right	0	0
4449	5598_right	2	0
5160	6498_left	0	0
22284	28093_left	3	0
25752	32588_left	0	0
2370	2933_left	0	0
10216	12866_left	0	0
31819	40197_right	0	0
29500	37350_left	0	0
3739	4694_right	0	0
10847	13645_right	0	0
13639	17123_right	0	0
12126	15235_left	0	0
33329	42098_right	0	0
12341	15482_right	0	0
30824	38972_left	0	0
7797	9796_right	0	0
7724	9713_left	2	0
8303	10401_right	2	0
30700	38810_left	0	0
19590	24743_left	2	0
3217	3994_right	0	0
26316	33310_left	0	0
8613	10812_right	0	0
28130	35628_left	0	2
4984	6276_left	2	0
3463	4322_right	0	0
8513	10674_right	0	0
29016	36730_left	0	0
18173	22888_right	0	2
11384	14306_left	2	0
11763	14761_right	0	0
20655	26042_right	0	2
25609	32405_right	0	1
30218	38220_left	2	0
7996	10017_left	4	0
19373	24449_right	2	0
23876	30146_left	1	0
17068	21438_left	0	0
4335	5456_right	0	0
19066	24063_left	0	0
32764	41342_left	2	0
14742	18474_left	2	0
21341	26890_right	0	0
23733	29984_right	0	0
34886	44076_left	0	2
34860	44042_left	0	2
19888	25083_left	2	2
4965	6245_right	2	0
33903	42862_right	0	0
3045	3766_right	0	1
30156	38161_left	0	4
423	489_right	0	0
12887	16193_right	0	0
32599	41165_right	0	0
27031	34216_right	0	0
3172	3930_left	0	0
13422	16843_left	0	0
24147	30516_right	0	0
18996	23964_left	0	0
3361	4195_right	0	0
15573	19493_right	1	0
26187	33144_right	0	0
12717	15952_right	0	0
18418	23193_left	0	0
7593	9573_right	0	0
20917	26342_right	0	0
23497	29700_right	0	0
32217	40698_right	0	0
15046	18846_left	0	2
21709	27344_right	0	0
28186	35695_left	0	0
33501	42317_right	0	0
4242	5324_left	2	0
11601	14568_right	0	0
6682	8410_left	1	0
8798	11057_left	1	0
15240	19076_left	0	4
22552	28450_left	0	2
31445	39709_right	0	0
3212	3992_left	3	0
15243	19083_right	0	0
2922	3619_left	0	0
30897	39055_right	0	0
24584	31070_left	0	1
8073	10129_right	0	0
29092	36815_left	0	0
10726	13517_left	1	2
34489	43588_right	0	0
6867	8623_right	1	0
16395	20539_right	0	0
20460	25807_left	0	0
3283	4090_right	0	0
6694	8420_left	0	2
20587	25955_right	2	0
11123	13969_right	0	0
18843	23771_right	1	0
26264	33255_left	0	0
22715	28656_right	0	0
31079	39298_right	0	0
30117	38113_right	0	4
2109	2628_right	2	2
2072	2576_left	0	2
21836	27539_left	0	1
33416	42192_left	0	2
22344	28176_left	0	0
14240	17873_left	1	0
8698	10930_left	0	0
15830	19858_left	0	0
6012	7588_left	0	0
21834	27537_left	0	0
11354	14262_left	0	0
6829	8576_right	0	0
14331	18001_right	0	0
12388	15540_left	0	2
23748	30000_left	0	0
14037	17631_right	3	3
20370	25697_left	2	0
944	1140_left	2	0
17344	21793_left	0	2
28874	36560_left	0	0
21207	26724_right	0	0
7833	9830_right	2	2
4724	5934_left	0	0
27688	35052_left	3	2
11309	14201_right	0	0
19378	24457_left	2	2
16453	20613_right	3	0
25899	32773_right	2	0
6180	7795_left	0	0
18527	23347_right	0	0
7265	9122_right	0	0
5965	7521_right	0	0
4839	6079_right	2	2
14247	17879_right	0	2
651	793_right	0	0
17931	22589_right	2	0
28195	35705_right	0	0
11058	13891_left	1	0
32556	41090_left	0	0
13873	17401_right	0	0
21122	26597_left	2	2
22716	28657_left	0	0
12923	16236_right	0	0
19319	24387_right	2	1
6584	8274_left	0	0
33024	41714_left	3	0
16875	21164_right	2	0
22531	28416_right	0	0
34667	43803_right	2	2
25036	31695_left	0	0
16627	20881_right	0	2
25227	31945_right	2	4
29681	37568_right	0	0
6997	8783_right	1	0
18588	23428_left	0	0
22380	28223_left	0	0
18959	23919_right	0	0
13603	17076_right	0	0
7174	8988_left	0	0
10217	12866_right	0	0
15516	19444_left	2	1
840	1027_left	1	0
12748	15987_left	0	0
9122	11444_left	0	0
12635	15851_right	0	1
11871	14902_right	1	0
23314	29486_left	0	0
145	172_right	2	0
11679	14664_right	1	0
28736	36379_left	0	0
26093	33015_right	0	0
21222	26742_left	0	0
7378	9277_left	0	2
22208	27999_left	0	0
33192	41905_left	2	0
8929	11204_right	0	2
31195	39415_right	0	2
24284	30686_left	0	0
8990	11273_left	0	0
12974	16310_left	0	0
442	510_left	2	1
19021	23994_right	0	0
22350	28181_left	0	0
14608	18318_left	0	0
18777	23695_right	3	0
31943	40341_right	3	0
4217	5293_right	0	0
17776	22390_left	0	0
10519	13237_right	0	0
16255	20353_right	2	0
19201	24224_right	0	0
32428	40929_left	0	0
31174	39396_left	1	0
31360	39619_left	0	0
3195	3970_right	0	0
14945	18710_right	0	0
4842	6085_left	0	0
17538	22041_left	2	0
8070	10126_left	0	0
34554	43680_left	0	0
3100	3844_left	0	0
15623	19555_right	2	0
4089	5108_right	0	0
33956	42932_left	0	0
32471	40985_right	0	2
26851	33963_right	1	1
8973	11249_right	2	0
10800	13600_left	0	0
18338	23102_left	0	0
24283	30682_right	0	0
13431	16857_right	1	0
27543	34872_right	0	0
9677	12179_right	0	0
19468	24586_left	0	1
14932	18699_left	0	0
23912	30194_left	0	0
10411	13100_right	0	0
16083	20164_right	2	0
12062	15149_left	4	0
19905	25097_right	0	0
4305	5420_right	2	0
8826	11098_left	2	0
31424	39689_left	0	0
26078	33003_left	4	0
14779	18512_right	0	2
15374	19254_left	2	0
21702	27338_left	0	0
26511	33575_right	0	0
5322	6697_left	0	0
18351	23111_right	0	0
22330	28155_left	0	0
25988	32886_left	0	0
23283	29444_right	0	0
26399	33410_right	0	0
6003	7574_right	0	2
1997	2496_right	3	0
28584	36199_left	0	0
23201	29330_right	1	0
7750	9742_left	0	0
4529	5708_right	0	0
15496	19410_left	0	0
24433	30892_right	3	0
16571	20799_right	2	2
22221	28010_right	0	2
6450	8092_left	2	2
24110	30468_left	0	0
29705	37588_right	2	0
29725	37602_right	0	2
25929	32809_right	0	0
10483	13188_right	0	0
34905	44093_right	2	0
16459	20621_right	2	0
12479	15643_right	0	0
1428	1775_left	0	0
5393	6793_right	0	0
2878	3575_left	0	0
5504	6936_left	0	1
8670	10891_left	0	0
10228	12876_left	0	0
23547	29751_right	0	0
21368	26922_left	0	0
6821	8561_right	0	0
7004	8789_left	0	0
17380	21831_left	0	0
13365	16773_right	0	2
19310	24378_left	0	2
23901	30169_right	0	2
25649	32451_right	0	2
27362	34636_left	0	2
27984	35445_left	1	1
3956	4967_left	3	0
17160	21540_left	2	0
23729	29976_right	3	0
14259	17899_right	4	2
4457	5610_right	0	0
23491	29688_right	0	0
1296	1609_left	0	0
11755	14753_right	0	0
34402	43470_left	0	4
19011	23981_right	0	0
29820	37703_left	0	2
26439	33463_right	0	2
6813	8554_right	0	1
33634	42488_left	0	2
24364	30787_left	2	0
4012	5032_left	4	2
11247	14118_right	0	0
4216	5293_left	0	0
9121	11443_right	0	0
33867	42807_right	1	0
19566	24717_left	0	0
12732	15971_left	0	0
20845	26266_right	0	2
7815	9810_right	1	2
2253	2798_right	2	0
24520	30985_left	0	0
22184	27971_left	0	0
5885	7415_right	0	1
11571	14528_right	0	2
21777	27440_right	0	0
9216	11584_left	0	0
9946	12546_left	0	0
2500	3100_left	0	0
22482	28356_left	0	0
19751	24916_right	0	0
14316	17986_left	1	0
21802	27489_left	3	0
31972	40372_left	0	2
2657	3324_right	0	0
15560	19484_left	0	0
4370	5505_left	3	0
29050	36762_left	0	0
26608	33688_left	2	2
20122	25389_left	0	0
13923	17471_right	0	0
7149	8958_right	0	0
21095	26573_right	0	0
18499	23300_right	0	2
12423	15582_right	2	0
2131	2648_right	2	0
22995	29042_right	0	0
2446	3023_left	0	0
489	599_right	0	0
28231	35746_right	0	0
15270	19116_left	2	0
33707	42582_right	0	0
33683	42553_right	0	0
20618	25989_left	0	0
31720	40057_left	0	0
10372	13042_left	0	0
30615	38702_right	0	0
28887	36577_right	2	2
6769	8503_right	0	2
19572	24726_left	0	0
23341	29516_right	0	0
10448	13150_left	0	2
21719	27360_right	1	0
7683	9670_right	0	2
16852	21129_left	0	0
22892	28920_left	0	0
22636	28573_left	0	0
33568	42408_left	3	2
6937	8698_right	0	0
34236	43283_left	0	2
14413	18073_right	0	0
33584	42428_left	3	0
882	1058_left	0	0
25613	32411_right	0	0
13713	17203_right	0	2
28943	36650_right	0	0
22546	28440_left	0	0
3250	4053_left	0	0
14336	18010_left	0	0
7386	9281_left	0	0
5624	7085_left	0	0
20287	25593_right	3	0
33495	42309_right	0	0
12977	16313_right	0	0
22398	28246_left	0	0
7826	9821_left	1	0
16582	20815_left	0	0
12129	15236_right	0	0
386	444_left	2	0
33959	42935_right	0	2
1166	1430_left	4	0
29242	37028_left	0	0
27846	35278_left	1	0
32985	41666_right	0	2
31196	39417_left	0	0
10275	12938_right	0	0
6104	7690_left	0	0
23579	29784_right	0	0
20628	26001_left	0	0
10975	13796_right	0	0
12214	15324_left	0	0
18365	23129_right	0	0
20119	25382_right	0	2
3720	4672_left	0	2
4862	6110_left	0	0
23312	29484_left	3	0
9687	12205_right	0	0
34445	43529_right	0	0
30410	38454_left	1	0
34436	43523_left	0	0
2082	2589_left	0	2
3782	4739_left	0	0
14237	17871_right	0	0
20469	25815_right	0	0
2163	2683_right	0	1
20922	26348_left	0	0
20904	26333_left	0	0
10768	13570_left	0	0
23159	29285_right	0	0
18029	22713_right	1	0
2670	3333_left	0	3
30028	37984_left	2	0
758	935_left	0	0
23019	29075_right	0	0
28682	36328_left	0	0
6502	8162_left	1	0
25174	31880_left	0	0
19597	24746_right	0	0
29282	37072_left	0	0
33447	42219_right	0	1
14603	18309_right	0	0
611	739_right	0	0
26969	34114_right	0	0
19834	25013_left	0	2
23407	29612_right	0	0
31707	40040_right	0	0
22110	27883_left	0	0
33746	42636_left	1	0
15041	18837_right	2	0
17519	22004_right	0	0
32463	40976_right	0	2
10264	12929_left	2	0
16486	20669_left	0	0
10613	13356_right	0	0
27634	34985_left	0	0
2548	3167_left	0	2
11877	14907_right	0	0
35091	44306_right	0	2
24406	30856_left	0	0
12215	15324_right	0	1
19822	25004_left	0	0
34312	43361_left	0	0
23307	29479_right	0	0
19603	24752_right	0	0
6023	7597_right	0	0
14317	17986_right	1	0
436	505_left	0	0
2247	2794_right	0	0
29621	37493_right	2	0
30703	38811_right	4	0
32287	40786_right	0	0
24942	31552_left	0	0
21157	26651_right	0	0
7513	9478_right	0	0
28431	35975_right	0	0
26285	33274_right	0	0
19149	24163_right	2	0
29472	37320_left	1	0
156	186_left	0	0
15350	19213_left	0	0
4289	5392_right	0	0
8792	11053_left	1	0
27854	35283_left	2	0
31682	40008_left	0	0
13930	17477_left	0	1
4310	5425_left	0	0
27143	34361_right	0	0
22247	28044_right	2	0
31465	39729_right	0	2
14394	18059_left	2	0
19314	24384_left	0	1
32530	41065_left	0	0
9760	12299_left	2	0
20478	25825_left	0	0
29511	37362_right	0	0
12550	15736_left	0	0
5336	6713_left	0	0
6417	8041_right	0	0
14175	17800_right	0	0
23365	29560_right	2	2
26295	33284_right	2	0
2093	2604_right	0	0
12568	15758_left	0	2
2116	2633_left	0	0
21698	27332_left	0	0
14502	18187_left	0	1
21761	27416_right	0	0
24025	30352_right	0	0
107	117_right	0	0
12185	15297_right	2	0
19847	25034_right	0	0
20794	26212_left	2	2
25628	32422_left	0	0
13827	17350_right	0	0
16676	20945_left	2	0
27090	34287_left	0	0
7377	9271_right	2	0
31437	39700_right	0	0
14100	17709_left	0	0
27594	34931_left	0	0
30548	38622_left	0	0
18390	23160_left	0	0
11873	14904_right	0	2
8743	10977_right	0	0
14921	18684_right	0	4
23048	29109_left	0	0
24977	31598_right	1	0
22478	28353_left	0	0
23186	29314_left	2	2
3626	4534_left	0	0
24000	30307_left	2	0
34562	43687_left	0	0
3903	4901_right	0	1
20331	25648_right	0	2
31375	39640_right	0	2
33195	41907_right	0	0
32162	40616_left	2	0
15974	20043_left	0	0
16979	21296_right	0	0
27043	34234_right	0	2
14831	18572_right	0	0
31554	39841_left	0	0
17576	22092_left	0	0
2772	3440_left	0	0
17939	22599_right	0	0
31669	39992_right	2	0
4978	6272_left	2	0
26452	33482_left	0	0
1123	1378_right	0	0
25140	31837_left	2	0
11652	14630_left	0	1
25172	31876_left	2	0
8052	10100_left	0	0
9811	12372_right	2	0
22850	28863_left	2	0
11858	14887_left	0	0
9726	12255_left	0	0
10149	12783_right	0	0
24211	30595_right	1	0
1715	2141_right	0	0
4124	5154_left	0	0
10930	13745_left	0	0
30310	38332_left	0	2
28420	35966_left	3	0
28878	36567_left	2	0
9671	12171_right	0	0
26587	33666_right	0	0
24897	31478_right	0	0
5845	7363_right	2	0
27902	35336_left	0	0
23848	30118_left	0	0
14017	17607_right	0	0
15896	19950_left	0	0
25365	32079_right	0	0
23058	29126_left	2	0
9263	11640_right	0	0
33960	42936_left	0	0
11878	14908_left	2	0
5052	6376_left	0	0
16317	20455_right	0	0
1540	1933_left	1	1
7506	9465_left	0	0
